v3.0 hex words addressed
00: 7cffffff ffff88ff 78ffffff ffff8cff 71ffffff ff0bffff ffff98ff 5a3effff
08: 7cff9fff ffff8c88 61ffffff 74ffffff ffff84ff 60ffffff 71ffffff 56ff9cff
10: ffffa8a4 61ffffff 77ffffff ff0cffff 60ffffff 71ffffff ff39ffff 60ff9aff
18: 7bffffff ffff88ff 7cffffff 46ffffff 60ffffff 7cffffff ffff88ff 4effffff
20: ffff888d 5effffff 61ffffff 79ffffff ffff98cd 7bffffff ff0cffff ff30ffff
28: 00000000 00000000 00000000 00000000 00000000 00000000 00000000 00000000
30: 00000000 00000000 00000000 00000000 00000000 00000000 00000000 00000000
38: 00000000 00000000 00000000 00000000 00000000 00000000 00000000 00000000
40: 00000000 00000000 00000000 00000000 00000000 00000000 00000000 00000000
48: 00000000 00000000 00000000 00000000 00000000 00000000 00000000 00000000
50: 00000000 00000000 00000000 00000000 00000000 00000000 00000000 00000000
58: 00000000 00000000 00000000 00000000 00000000 00000000 00000000 00000000
60: 00000000 00000000 00000000 00000000 00000000 00000000 00000000 00000000
68: 00000000 00000000 00000000 00000000 00000000 00000000 00000000 00000000
70: 00000000 00000000 00000000 00000000 00000000 00000000 00000000 00000000
78: 00000000 00000000 00000000 00000000 00000000 00000000 00000000 00000000
80: 00000000 00000000 00000000 00000000 00000000 00000000 00000000 00000000
88: 00000000 00000000 00000000 00000000 00000000 00000000 00000000 00000000
90: 00000000 00000000 00000000 00000000 00000000 00000000 00000000 00000000
98: 00000000 00000000 00000000 00000000 00000000 00000000 00000000 00000000
a0: 00000000 00000000 00000000 00000000 00000000 00000000 00000000 00000000
a8: 00000000 00000000 00000000 00000000 00000000 00000000 00000000 00000000
b0: 00000000 00000000 00000000 00000000 00000000 00000000 00000000 00000000
b8: 00000000 00000000 00000000 00000000 00000000 00000000 00000000 00000000
c0: 00000000 00000000 00000000 00000000 00000000 00000000 00000000 00000000
c8: 00000000 00000000 00000000 00000000 00000000 00000000 00000000 00000000
d0: 00000000 00000000 00000000 00000000 00000000 00000000 00000000 00000000
d8: 00000000 00000000 00000000 00000000 00000000 00000000 00000000 00000000
e0: 00000000 00000000 00000000 00000000 00000000 00000000 00000000 00000000
e8: 00000000 00000000 00000000 00000000 00000000 00000000 00000000 00000000
f0: 00000000 00000000 00000000 00000000 00000000 00000000 00000000 00000000
f8: 00000000 00000000 00000000 00000000 00000000 00000000 00000000 00000000
